   24h_volume_usd available_supply     id last_updated market_cap_usd   max_supply   name percent_change_1h percent_change_24h percent_change_7d   price_btc price_usd rank symbol total_supply
42     17398700.0      998999495.0  ardor   1518367447    514778446.0  998999495.0  Ardor              0.24               4.93             11.63  0.00006184  0.515294   43   ARDR  998999495.0
42     17398700.0      998999495.0  ardor   1518367447    514778446.0  998999495.0  Ardor              0.24               4.93             11.63  0.00006184  0.515294   43   ARDR  998999495.0
43     17224100.0      998999495.0  ardor   1518367747    509325907.0  998999495.0  Ardor              -0.9               3.92             10.54  0.00006116  0.509836   44   ARDR  998999495.0
43     17224100.0      998999495.0  ardor   1518367747    509325907.0  998999495.0  Ardor              -0.9               3.92             10.54  0.00006116  0.509836   44   ARDR  998999495.0
43     17224100.0      998999495.0  ardor   1518367747    509325907.0  998999495.0  Ardor              -0.9               3.92             10.54  0.00006116  0.509836   44   ARDR  998999495.0
43     17224100.0      998999495.0  ardor   1518367747    509325907.0  998999495.0  Ardor              -0.9               3.92             10.54  0.00006116  0.509836   44   ARDR  998999495.0
43     17224100.0      998999495.0  ardor   1518367747    509325907.0  998999495.0  Ardor              -0.9               3.92             10.54  0.00006116  0.509836   44   ARDR  998999495.0
43     17224100.0      998999495.0  ardor   1518367747    509325907.0  998999495.0  Ardor              -0.9               3.92             10.54  0.00006116  0.509836   44   ARDR  998999495.0
43     17224100.0      998999495.0  ardor   1518367747    509325907.0  998999495.0  Ardor              -0.9               3.92             10.54  0.00006116  0.509836   44   ARDR  998999495.0
43     17147300.0      998999495.0  ardor   1518368647    510752478.0  998999495.0  Ardor             -1.27               4.45             11.14  0.00006166  0.511264   44   ARDR  998999495.0
43     17077500.0      998999495.0  ardor   1518369247    509832399.0  998999495.0  Ardor              -1.7               4.45             11.13  0.00006119  0.510343   44   ARDR  998999495.0
