   24h_volume_usd available_supply       id last_updated market_cap_usd  max_supply     name percent_change_1h percent_change_24h percent_change_7d  price_btc price_usd rank symbol total_supply
70      1437140.0       11171737.0  bitcore   1518367450    287636481.0  21000000.0  Bitcore             -2.58              -0.61              1.66  0.0030898   25.7468   71    BTX   16798675.0
70      1437140.0       11171737.0  bitcore   1518367450    287636481.0  21000000.0  Bitcore             -2.58              -0.61              1.66  0.0030898   25.7468   71    BTX   16798675.0
70      1436810.0       11171737.0  bitcore   1518367750    287211955.0  21000000.0  Bitcore             -2.69              -0.71               1.5  0.00308407   25.7088   71    BTX   16798675.0
70      1436810.0       11171737.0  bitcore   1518367750    287211955.0  21000000.0  Bitcore             -2.69              -0.71               1.5  0.00308407   25.7088   71    BTX   16798675.0
70      1436810.0       11171737.0  bitcore   1518367750    287211955.0  21000000.0  Bitcore             -2.69              -0.71               1.5  0.00308407   25.7088   71    BTX   16798675.0
70      1436810.0       11171737.0  bitcore   1518367750    287211955.0  21000000.0  Bitcore             -2.69              -0.71               1.5  0.00308407   25.7088   71    BTX   16798675.0
70      1436810.0       11171737.0  bitcore   1518367750    287211955.0  21000000.0  Bitcore             -2.69              -0.71               1.5  0.00308407   25.7088   71    BTX   16798675.0
70      1436810.0       11171737.0  bitcore   1518367750    287211955.0  21000000.0  Bitcore             -2.69              -0.71               1.5  0.00308407   25.7088   71    BTX   16798675.0
70      1436810.0       11171737.0  bitcore   1518367750    287211955.0  21000000.0  Bitcore             -2.69              -0.71               1.5  0.00308407   25.7088   71    BTX   16798675.0
71      1417860.0       11171759.0  bitcore   1518368650    284316798.0  21000000.0  Bitcore             -3.77              -1.73              0.44  0.00306914   25.4496   72    BTX   16798697.0
71      1441520.0       11171759.0  bitcore   1518369250    287421430.0  21000000.0  Bitcore             -2.49              -0.64              1.41  0.00308461   25.7275   72    BTX   16798697.0
