   24h_volume_usd available_supply            id last_updated market_cap_usd  max_supply          name percent_change_1h percent_change_24h percent_change_7d  price_btc price_usd rank symbol total_supply
17     56806500.0       16817924.0  bitcoin-gold   1518367455   2190601819.0  21000000.0  Bitcoin Gold             -1.66              -0.21             22.68  0.0156314   130.254   18    BTG   16917924.0
17     56806500.0       16817924.0  bitcoin-gold   1518367455   2190601819.0  21000000.0  Bitcoin Gold             -1.66              -0.21             22.68  0.0156314   130.254   18    BTG   16917924.0
17     56270200.0       16817924.0  bitcoin-gold   1518367755   2169142149.0  21000000.0  Bitcoin Gold             -2.61              -0.99             21.55  0.0154724   128.978   18    BTG   16917924.0
17     56270200.0       16817924.0  bitcoin-gold   1518367755   2169142149.0  21000000.0  Bitcoin Gold             -2.61              -0.99             21.55  0.0154724   128.978   18    BTG   16917924.0
17     56270200.0       16817924.0  bitcoin-gold   1518367755   2169142149.0  21000000.0  Bitcoin Gold             -2.61              -0.99             21.55  0.0154724   128.978   18    BTG   16917924.0
17     56270200.0       16817924.0  bitcoin-gold   1518367755   2169142149.0  21000000.0  Bitcoin Gold             -2.61              -0.99             21.55  0.0154724   128.978   18    BTG   16917924.0
17     56270200.0       16817924.0  bitcoin-gold   1518367755   2169142149.0  21000000.0  Bitcoin Gold             -2.61              -0.99             21.55  0.0154724   128.978   18    BTG   16917924.0
17     56270200.0       16817924.0  bitcoin-gold   1518367755   2169142149.0  21000000.0  Bitcoin Gold             -2.61              -0.99             21.55  0.0154724   128.978   18    BTG   16917924.0
17     56270200.0       16817924.0  bitcoin-gold   1518367755   2169142149.0  21000000.0  Bitcoin Gold             -2.61              -0.99             21.55  0.0154724   128.978   18    BTG   16917924.0
17     56485100.0       16817936.0  bitcoin-gold   1518368655   2180125873.0  21000000.0  Bitcoin Gold             -2.19               -0.1              22.4  0.0156331   129.631   18    BTG   16917936.0
17     56417300.0       16817936.0  bitcoin-gold   1518369255   2171077824.0  21000000.0  Bitcoin Gold             -2.67              -0.31             22.05  0.0154776   129.093   18    BTG   16917936.0
