  24h_volume_usd available_supply       id last_updated market_cap_usd  max_supply     name percent_change_1h percent_change_24h percent_change_7d price_btc price_usd rank symbol total_supply
0   6700600000.0       16858562.0  bitcoin   1518367467   141308298098  21000000.0  Bitcoin             -0.75              -1.12             -1.59       1.0   8381.99    1    BTC   16858562.0
0   6700600000.0       16858562.0  bitcoin   1518367467   141308298098  21000000.0  Bitcoin             -0.75              -1.12             -1.59       1.0   8381.99    1    BTC   16858562.0
0   6700600000.0       16858562.0  bitcoin   1518367467   141308298098  21000000.0  Bitcoin             -0.75              -1.12             -1.59       1.0   8381.99    1    BTC   16858562.0
0   6700600000.0       16858562.0  bitcoin   1518367467   141308298098  21000000.0  Bitcoin             -0.75              -1.12             -1.59       1.0   8381.99    1    BTC   16858562.0
0   6659270000.0       16858562.0  bitcoin   1518367767   141070929545  21000000.0  Bitcoin             -0.97              -1.24             -1.74       1.0   8367.91    1    BTC   16858562.0
0   6659270000.0       16858562.0  bitcoin   1518367767   141070929545  21000000.0  Bitcoin             -0.97              -1.24             -1.74       1.0   8367.91    1    BTC   16858562.0
0   6659270000.0       16858562.0  bitcoin   1518367767   141070929545  21000000.0  Bitcoin             -0.97              -1.24             -1.74       1.0   8367.91    1    BTC   16858562.0
0   6659270000.0       16858562.0  bitcoin   1518367767   141070929545  21000000.0  Bitcoin             -0.97              -1.24             -1.74       1.0   8367.91    1    BTC   16858562.0
0   6659270000.0       16858562.0  bitcoin   1518367767   141070929545  21000000.0  Bitcoin             -0.97              -1.24             -1.74       1.0   8367.91    1    BTC   16858562.0
0   6659270000.0       16858562.0  bitcoin   1518367767   141070929545  21000000.0  Bitcoin             -0.97              -1.24             -1.74       1.0   8367.91    1    BTC   16858562.0
0   6659270000.0       16858562.0  bitcoin   1518367767   141070929545  21000000.0  Bitcoin             -0.97              -1.24             -1.74       1.0   8367.91    1    BTC   16858562.0
0   6622930000.0       16858612.0  bitcoin   1518368666   141262693187  21000000.0  Bitcoin             -1.08              -1.04              -1.5       1.0   8379.26    1    BTC   16858612.0
0   6620410000.0       16858612.0  bitcoin   1518369266   141661399361  21000000.0  Bitcoin             -0.95              -0.72             -1.15       1.0   8402.91    1    BTC   16858612.0
