  24h_volume_usd available_supply            id last_updated market_cap_usd  max_supply          name percent_change_1h percent_change_24h percent_change_7d price_btc price_usd rank symbol total_supply
3    728508000.0       16961975.0  bitcoin-cash   1518367452  21489126128.0  21000000.0  Bitcoin Cash             -0.66               2.28              9.07  0.152037    1266.9    4    BCH   16961975.0
3    728508000.0       16961975.0  bitcoin-cash   1518367452  21489126128.0  21000000.0  Bitcoin Cash             -0.66               2.28              9.07  0.152037    1266.9    4    BCH   16961975.0
3    725514000.0       16961975.0  bitcoin-cash   1518367752  21474878069.0  21000000.0  Bitcoin Cash             -0.72               2.28              9.02  0.151879   1266.06    4    BCH   16961975.0
3    725514000.0       16961975.0  bitcoin-cash   1518367752  21474878069.0  21000000.0  Bitcoin Cash             -0.72               2.28              9.02  0.151879   1266.06    4    BCH   16961975.0
3    725514000.0       16961975.0  bitcoin-cash   1518367752  21474878069.0  21000000.0  Bitcoin Cash             -0.72               2.28              9.02  0.151879   1266.06    4    BCH   16961975.0
3    725514000.0       16961975.0  bitcoin-cash   1518367752  21474878069.0  21000000.0  Bitcoin Cash             -0.72               2.28              9.02  0.151879   1266.06    4    BCH   16961975.0
3    725514000.0       16961975.0  bitcoin-cash   1518367752  21474878069.0  21000000.0  Bitcoin Cash             -0.72               2.28              9.02  0.151879   1266.06    4    BCH   16961975.0
3    725514000.0       16961975.0  bitcoin-cash   1518367752  21474878069.0  21000000.0  Bitcoin Cash             -0.72               2.28              9.02  0.151879   1266.06    4    BCH   16961975.0
3    725514000.0       16961975.0  bitcoin-cash   1518367752  21474878069.0  21000000.0  Bitcoin Cash             -0.72               2.28              9.02  0.151879   1266.06    4    BCH   16961975.0
3    718971000.0       16961988.0  bitcoin-cash   1518368652  21368711853.0  21000000.0  Bitcoin Cash             -1.59               1.88              8.56  0.151928    1259.8    4    BCH   16961988.0
3    720203000.0       16961988.0  bitcoin-cash   1518369252  21451655971.0  21000000.0  Bitcoin Cash             -1.59               2.37              9.03   0.15163   1264.69    4    BCH   16961988.0
