   24h_volume_usd available_supply         id last_updated market_cap_usd    max_supply       name percent_change_1h percent_change_24h percent_change_7d   price_btc price_usd rank symbol  total_supply
33     22260100.0     2608530000.0  bitshares   1518367443    641536651.0  3600570502.0  BitShares             -1.74               0.59            -14.97  0.00002951  0.245938   34    BTS  2608530000.0
33     22260100.0     2608530000.0  bitshares   1518367443    641536651.0  3600570502.0  BitShares             -1.74               0.59            -14.97  0.00002951  0.245938   34    BTS  2608530000.0
34     22265700.0     2608530000.0  bitshares   1518367742    639348094.0  3600570502.0  BitShares             -2.05               0.33            -15.18  0.00002940  0.245099   35    BTS  2608530000.0
34     22265700.0     2608530000.0  bitshares   1518367742    639348094.0  3600570502.0  BitShares             -2.05               0.33            -15.18  0.00002940  0.245099   35    BTS  2608530000.0
34     22265700.0     2608530000.0  bitshares   1518367742    639348094.0  3600570502.0  BitShares             -2.05               0.33            -15.18  0.00002940  0.245099   35    BTS  2608530000.0
34     22265700.0     2608530000.0  bitshares   1518367742    639348094.0  3600570502.0  BitShares             -2.05               0.33            -15.18  0.00002940  0.245099   35    BTS  2608530000.0
34     22265700.0     2608530000.0  bitshares   1518367742    639348094.0  3600570502.0  BitShares             -2.05               0.33            -15.18  0.00002940  0.245099   35    BTS  2608530000.0
34     22265700.0     2608530000.0  bitshares   1518367742    639348094.0  3600570502.0  BitShares             -2.05               0.33            -15.18  0.00002940  0.245099   35    BTS  2608530000.0
34     22265700.0     2608530000.0  bitshares   1518367742    639348094.0  3600570502.0  BitShares             -2.05               0.33            -15.18  0.00002940  0.245099   35    BTS  2608530000.0
32     22049200.0     2608530000.0  bitshares   1518368643    637365612.0  3600570502.0  BitShares             -2.58               0.25            -15.18  0.00002947  0.244339   33    BTS  2608530000.0
34     22052600.0     2608530000.0  bitshares   1518369243    637895143.0  3600570502.0  BitShares             -2.45               0.46            -14.96  0.00002932  0.244542   35    BTS  2608530000.0
