   24h_volume_usd available_supply            id last_updated market_cap_usd    max_supply      name percent_change_1h percent_change_24h percent_change_7d   price_btc   price_usd rank symbol  total_supply
28      5302800.0     183721089582  bytecoin-bcn   1518367442    836395772.0  184470000000  Bytecoin             -0.73              -4.25              0.18  0.00000055  0.00455253   29    BCN  183721089582
28      5302800.0     183721089582  bytecoin-bcn   1518367442    836395772.0  184470000000  Bytecoin             -0.73              -4.25              0.18  0.00000055  0.00455253   29    BCN  183721089582
27      5297910.0     183721089582  bytecoin-bcn   1518367742    840237380.0  184470000000  Bytecoin             -0.19              -3.71              0.69  0.00000055  0.00457344   28    BCN  183721089582
27      5297910.0     183721089582  bytecoin-bcn   1518367742    840237380.0  184470000000  Bytecoin             -0.19              -3.71              0.69  0.00000055  0.00457344   28    BCN  183721089582
27      5297910.0     183721089582  bytecoin-bcn   1518367742    840237380.0  184470000000  Bytecoin             -0.19              -3.71              0.69  0.00000055  0.00457344   28    BCN  183721089582
27      5297910.0     183721089582  bytecoin-bcn   1518367742    840237380.0  184470000000  Bytecoin             -0.19              -3.71              0.69  0.00000055  0.00457344   28    BCN  183721089582
27      5297910.0     183721089582  bytecoin-bcn   1518367742    840237380.0  184470000000  Bytecoin             -0.19              -3.71              0.69  0.00000055  0.00457344   28    BCN  183721089582
27      5297910.0     183721089582  bytecoin-bcn   1518367742    840237380.0  184470000000  Bytecoin             -0.19              -3.71              0.69  0.00000055  0.00457344   28    BCN  183721089582
27      5297910.0     183721089582  bytecoin-bcn   1518367742    840237380.0  184470000000  Bytecoin             -0.19              -3.71              0.69  0.00000055  0.00457344   28    BCN  183721089582
27      5148290.0     183721120852  bytecoin-bcn   1518368642    836004588.0  184470000000  Bytecoin             -1.03              -3.78              0.32  0.00000055  0.0045504   28    BCN  183721120852
27      5142500.0     183721120852  bytecoin-bcn   1518369243    842585479.0  184470000000  Bytecoin             -0.68              -2.69              1.21  0.00000055  0.00458622   28    BCN  183721120852
