  24h_volume_usd available_supply       id last_updated market_cap_usd     max_supply     name percent_change_1h percent_change_24h percent_change_7d   price_btc price_usd rank symbol   total_supply
4    355603000.0    25927070538.0  cardano   1518367454   9873469221.0  45000000000.0  Cardano              -0.8              -3.96             -5.64  0.00004570  0.380817    5    ADA  31112483745.0
4    355603000.0    25927070538.0  cardano   1518367454   9873469221.0  45000000000.0  Cardano              -0.8              -3.96             -5.64  0.00004570  0.380817    5    ADA  31112483745.0
4    352253000.0    25927070538.0  cardano   1518367754   9785628306.0  45000000000.0  Cardano             -1.72               -4.8             -6.43  0.00004528  0.377429    5    ADA  31112483745.0
4    352253000.0    25927070538.0  cardano   1518367754   9785628306.0  45000000000.0  Cardano             -1.72               -4.8             -6.43  0.00004528  0.377429    5    ADA  31112483745.0
4    352253000.0    25927070538.0  cardano   1518367754   9785628306.0  45000000000.0  Cardano             -1.72               -4.8             -6.43  0.00004528  0.377429    5    ADA  31112483745.0
4    352253000.0    25927070538.0  cardano   1518367754   9785628306.0  45000000000.0  Cardano             -1.72               -4.8             -6.43  0.00004528  0.377429    5    ADA  31112483745.0
4    352253000.0    25927070538.0  cardano   1518367754   9785628306.0  45000000000.0  Cardano             -1.72               -4.8             -6.43  0.00004528  0.377429    5    ADA  31112483745.0
4    352253000.0    25927070538.0  cardano   1518367754   9785628306.0  45000000000.0  Cardano             -1.72               -4.8             -6.43  0.00004528  0.377429    5    ADA  31112483745.0
4    352253000.0    25927070538.0  cardano   1518367754   9785628306.0  45000000000.0  Cardano             -1.72               -4.8             -6.43  0.00004528  0.377429    5    ADA  31112483745.0
4    352278000.0    25927070538.0  cardano   1518368654   9850290420.0  45000000000.0  Cardano             -1.41               -4.1             -5.67  0.00004582  0.379923    5    ADA  31112483745.0
4    352584000.0    25927070538.0  cardano   1518369254   9877410136.0  45000000000.0  Cardano              -1.3              -3.77              -5.3  0.00004568  0.380969    5    ADA  31112483745.0
