   24h_volume_usd available_supply         id last_updated market_cap_usd   max_supply       name percent_change_1h percent_change_24h percent_change_7d   price_btc price_usd rank symbol total_supply
66       244161.0       45111081.0  cryptonex   1518367454    297291951.0  210000000.0  Cryptonex             -0.66                1.6              7.56  0.00079087   6.59022   67    CNX  106548707.0
66       244161.0       45111081.0  cryptonex   1518367454    297291951.0  210000000.0  Cryptonex             -0.66                1.6              7.56  0.00079087   6.59022   67    CNX  106548707.0
66       245077.0       45111081.0  cryptonex   1518367756    297391646.0  210000000.0  Cryptonex             -0.64                1.6              7.67  0.00079084   6.59243   67    CNX  106548707.0
66       245077.0       45111081.0  cryptonex   1518367756    297391646.0  210000000.0  Cryptonex             -0.64                1.6              7.67  0.00079084   6.59243   67    CNX  106548707.0
66       245077.0       45111081.0  cryptonex   1518367756    297391646.0  210000000.0  Cryptonex             -0.64                1.6              7.67  0.00079084   6.59243   67    CNX  106548707.0
66       245077.0       45111081.0  cryptonex   1518367756    297391646.0  210000000.0  Cryptonex             -0.64                1.6              7.67  0.00079084   6.59243   67    CNX  106548707.0
66       245077.0       45111081.0  cryptonex   1518367756    297391646.0  210000000.0  Cryptonex             -0.64                1.6              7.67  0.00079084   6.59243   67    CNX  106548707.0
66       245077.0       45111081.0  cryptonex   1518367756    297391646.0  210000000.0  Cryptonex             -0.64                1.6              7.67  0.00079084   6.59243   67    CNX  106548707.0
66       245077.0       45111081.0  cryptonex   1518367756    297391646.0  210000000.0  Cryptonex             -0.64                1.6              7.67  0.00079084   6.59243   67    CNX  106548707.0
66       246010.0       45111107.0  cryptonex   1518368654    295820595.0  210000000.0  Cryptonex             -1.49               0.93               7.3  0.00079082    6.5576   67    CNX  106548733.0
66       248771.0       45111107.0  cryptonex   1518369254    297568199.0  210000000.0  Cryptonex             -1.19               1.59              8.13  0.00079087   6.59634   67    CNX  106548733.0
