   24h_volume_usd available_supply    id last_updated market_cap_usd  max_supply  name percent_change_1h percent_change_24h percent_change_7d  price_btc price_usd rank symbol total_supply
11     92922600.0        7878079.0  dash   1518367443   4775809946.0  18900000.0  Dash             -0.68              -2.77              5.84  0.0727501   606.215   12   DASH    7878079.0
11     92922600.0        7878079.0  dash   1518367443   4775809946.0  18900000.0  Dash             -0.68              -2.77              5.84  0.0727501   606.215   12   DASH    7878079.0
11     92515400.0        7878079.0  dash   1518367741   4777070438.0  18900000.0  Dash             -0.67              -2.75              5.87  0.0727418   606.375   12   DASH    7878079.0
11     92515400.0        7878079.0  dash   1518367741   4777070438.0  18900000.0  Dash             -0.67              -2.75              5.87  0.0727418   606.375   12   DASH    7878079.0
11     92515400.0        7878079.0  dash   1518367741   4777070438.0  18900000.0  Dash             -0.67              -2.75              5.87  0.0727418   606.375   12   DASH    7878079.0
11     92515400.0        7878079.0  dash   1518367741   4777070438.0  18900000.0  Dash             -0.67              -2.75              5.87  0.0727418   606.375   12   DASH    7878079.0
11     92515400.0        7878079.0  dash   1518367741   4777070438.0  18900000.0  Dash             -0.67              -2.75              5.87  0.0727418   606.375   12   DASH    7878079.0
11     92515400.0        7878079.0  dash   1518367741   4777070438.0  18900000.0  Dash             -0.67              -2.75              5.87  0.0727418   606.375   12   DASH    7878079.0
11     92515400.0        7878079.0  dash   1518367741   4777070438.0  18900000.0  Dash             -0.67              -2.75              5.87  0.0727418   606.375   12   DASH    7878079.0
11     91311900.0        7878105.0  dash   1518368641   4762219748.0  18900000.0  Dash             -1.01               -2.9              5.72  0.0728992   604.488   12   DASH    7878105.0
11     91596600.0        7878105.0  dash   1518369242   4780898734.0  18900000.0  Dash             -0.96              -2.38              6.26  0.0727596   606.859   12   DASH    7878105.0
