   24h_volume_usd available_supply      id last_updated market_cap_usd  max_supply    name percent_change_1h percent_change_24h percent_change_7d   price_btc price_usd rank symbol total_supply
46       780891.0        6736029.0  decred   1518367445    493838466.0  21000000.0  Decred             -0.99              -2.54             -4.34  0.00879807    73.313   47    DCR    7156029.0
46       780891.0        6736029.0  decred   1518367445    493838466.0  21000000.0  Decred             -0.99              -2.54             -4.34  0.00879807    73.313   47    DCR    7156029.0
46       772794.0        6736029.0  decred   1518367745    496368519.0  21000000.0  Decred             -0.47              -1.98             -3.81  0.00883981   73.6886   47    DCR    7156029.0
46       772794.0        6736029.0  decred   1518367745    496368519.0  21000000.0  Decred             -0.47              -1.98             -3.81  0.00883981   73.6886   47    DCR    7156029.0
46       772794.0        6736029.0  decred   1518367745    496368519.0  21000000.0  Decred             -0.47              -1.98             -3.81  0.00883981   73.6886   47    DCR    7156029.0
46       772794.0        6736029.0  decred   1518367745    496368519.0  21000000.0  Decred             -0.47              -1.98             -3.81  0.00883981   73.6886   47    DCR    7156029.0
46       772794.0        6736029.0  decred   1518367745    496368519.0  21000000.0  Decred             -0.47              -1.98             -3.81  0.00883981   73.6886   47    DCR    7156029.0
46       772794.0        6736029.0  decred   1518367745    496368519.0  21000000.0  Decred             -0.47              -1.98             -3.81  0.00883981   73.6886   47    DCR    7156029.0
46       772794.0        6736029.0  decred   1518367745    496368519.0  21000000.0  Decred             -0.47              -1.98             -3.81  0.00883981   73.6886   47    DCR    7156029.0
46       766348.0        6736184.0  decred   1518368646    493890971.0  21000000.0  Decred             -1.18              -2.38              -4.2  0.00884204   73.3191   47    DCR    7156184.0
46       750691.0        6736184.0  decred   1518369246    493116984.0  21000000.0  Decred             -1.54              -2.46             -4.29  0.00877685   73.2042   47    DCR    7156184.0
