   24h_volume_usd available_supply         id last_updated market_cap_usd     max_supply       name percent_change_1h percent_change_24h percent_change_7d   price_btc   price_usd rank symbol   total_supply
54       439168.0     325226613094  dentacoin   1518367452    359788445.0  8000000000000  Dentacoin             -0.55               2.54             -8.63  0.00000013  0.00110627   55    DCN  1963173416169
54       439168.0     325226613094  dentacoin   1518367452    359788445.0  8000000000000  Dentacoin             -0.55               2.54             -8.63  0.00000013  0.00110627   55    DCN  1963173416169
55       438211.0     325226613094  dentacoin   1518367752    360126681.0  8000000000000  Dentacoin             -0.39                2.8             -8.49  0.00000013  0.00110731   56    DCN  1963173416169
55       438211.0     325226613094  dentacoin   1518367752    360126681.0  8000000000000  Dentacoin             -0.39                2.8             -8.49  0.00000013  0.00110731   56    DCN  1963173416169
55       438211.0     325226613094  dentacoin   1518367752    360126681.0  8000000000000  Dentacoin             -0.39                2.8             -8.49  0.00000013  0.00110731   56    DCN  1963173416169
55       438211.0     325226613094  dentacoin   1518367752    360126681.0  8000000000000  Dentacoin             -0.39                2.8             -8.49  0.00000013  0.00110731   56    DCN  1963173416169
55       438211.0     325226613094  dentacoin   1518367752    360126681.0  8000000000000  Dentacoin             -0.39                2.8             -8.49  0.00000013  0.00110731   56    DCN  1963173416169
55       438211.0     325226613094  dentacoin   1518367752    360126681.0  8000000000000  Dentacoin             -0.39                2.8             -8.49  0.00000013  0.00110731   56    DCN  1963173416169
55       438211.0     325226613094  dentacoin   1518367752    360126681.0  8000000000000  Dentacoin             -0.39                2.8             -8.49  0.00000013  0.00110731   56    DCN  1963173416169
54       435125.0     325226613094  dentacoin   1518368653    358972126.0  8000000000000  Dentacoin             -0.65               2.52             -8.64  0.00000013  0.00110376   55    DCN  1963173416169
56       437013.0     325226613094  dentacoin   1518369252    356705297.0  8000000000000  Dentacoin             -1.03               2.03             -9.12  0.00000013  0.00109679   57    DCN  1963173416169
