   24h_volume_usd available_supply        id last_updated market_cap_usd     max_supply      name percent_change_1h percent_change_24h percent_change_7d   price_btc  price_usd rank symbol  total_supply
58      4181600.0     9827464060.0  digibyte   1518367441    343366681.0  21000000000.0  DigiByte             -0.91              -2.88             -9.17  0.00000419  0.0349395   59    DGB  9827464060.0
58      4181600.0     9827464060.0  digibyte   1518367441    343366681.0  21000000000.0  DigiByte             -0.91              -2.88             -9.17  0.00000419  0.0349395   59    DGB  9827464060.0
58      4190380.0     9827464060.0  digibyte   1518367741    342713154.0  21000000000.0  DigiByte             -1.08              -2.93             -9.26  0.00000418  0.034873   59    DGB  9827464060.0
58      4190380.0     9827464060.0  digibyte   1518367741    342713154.0  21000000000.0  DigiByte             -1.08              -2.93             -9.26  0.00000418  0.034873   59    DGB  9827464060.0
58      4190380.0     9827464060.0  digibyte   1518367741    342713154.0  21000000000.0  DigiByte             -1.08              -2.93             -9.26  0.00000418  0.034873   59    DGB  9827464060.0
58      4190380.0     9827464060.0  digibyte   1518367741    342713154.0  21000000000.0  DigiByte             -1.08              -2.93             -9.26  0.00000418  0.034873   59    DGB  9827464060.0
58      4190380.0     9827464060.0  digibyte   1518367741    342713154.0  21000000000.0  DigiByte             -1.08              -2.93             -9.26  0.00000418  0.034873   59    DGB  9827464060.0
58      4190380.0     9827464060.0  digibyte   1518367741    342713154.0  21000000000.0  DigiByte             -1.08              -2.93             -9.26  0.00000418  0.034873   59    DGB  9827464060.0
58      4190380.0     9827464060.0  digibyte   1518367741    342713154.0  21000000000.0  DigiByte             -1.08              -2.93             -9.26  0.00000418  0.034873   59    DGB  9827464060.0
58      4131690.0     9827530115.0  digibyte   1518368641    340842330.0  21000000000.0  DigiByte              -1.9              -3.14             -9.59  0.00000418  0.0346824   59    DGB  9827530115.0
58      4127440.0     9827530115.0  digibyte   1518369241    341170570.0  21000000000.0  DigiByte             -2.08              -2.82              -9.4  0.00000416  0.0347158   59    DGB  9827530115.0
