   24h_volume_usd available_supply           id last_updated market_cap_usd     max_supply         name percent_change_1h percent_change_24h percent_change_7d   price_btc  price_usd rank symbol  total_supply
50      2229020.0     6123845834.0  electroneum   1518367455    406653370.0  21000000000.0  Electroneum              0.14              -1.62              2.37  0.00000797  0.0664049   51    ETN  6123845834.0
50      2229020.0     6123845834.0  electroneum   1518367455    406653370.0  21000000000.0  Electroneum              0.14              -1.62              2.37  0.00000797  0.0664049   51    ETN  6123845834.0
50      2210970.0     6123845834.0  electroneum   1518367756    404206894.0  21000000000.0  Electroneum              -0.3              -2.07              1.81  0.00000792  0.0660054   51    ETN  6123845834.0
50      2210970.0     6123845834.0  electroneum   1518367756    404206894.0  21000000000.0  Electroneum              -0.3              -2.07              1.81  0.00000792  0.0660054   51    ETN  6123845834.0
50      2210970.0     6123845834.0  electroneum   1518367756    404206894.0  21000000000.0  Electroneum              -0.3              -2.07              1.81  0.00000792  0.0660054   51    ETN  6123845834.0
50      2210970.0     6123845834.0  electroneum   1518367756    404206894.0  21000000000.0  Electroneum              -0.3              -2.07              1.81  0.00000792  0.0660054   51    ETN  6123845834.0
50      2210970.0     6123845834.0  electroneum   1518367756    404206894.0  21000000000.0  Electroneum              -0.3              -2.07              1.81  0.00000792  0.0660054   51    ETN  6123845834.0
50      2210970.0     6123845834.0  electroneum   1518367756    404206894.0  21000000000.0  Electroneum              -0.3              -2.07              1.81  0.00000792  0.0660054   51    ETN  6123845834.0
50      2210970.0     6123845834.0  electroneum   1518367756    404206894.0  21000000000.0  Electroneum              -0.3              -2.07              1.81  0.00000792  0.0660054   51    ETN  6123845834.0
50      2169650.0     6124001342.0  electroneum   1518368656    403572913.0  21000000000.0  Electroneum             -0.82               -2.1              1.83  0.00000795  0.0659002   51    ETN  6124001342.0
50      2158480.0     6124001342.0  electroneum   1518369256    406190924.0  21000000000.0  Electroneum             -0.54              -1.33              2.61  0.00000795  0.0663277   51    ETN  6124001342.0
