  24h_volume_usd available_supply   id last_updated market_cap_usd    max_supply name percent_change_1h percent_change_24h percent_change_7d  price_btc price_usd rank symbol total_supply
8    442786000.0      662209752.0  eos   1518367451   5798441030.0  1000000000.0  EOS             -0.93               -1.8             -3.11  0.0010508    8.7562    9    EOS  900000000.0
8    442786000.0      662209752.0  eos   1518367451   5798441030.0  1000000000.0  EOS             -0.93               -1.8             -3.11  0.0010508    8.7562    9    EOS  900000000.0
8    438725000.0      662209752.0  eos   1518367751   5780475279.0  1000000000.0  EOS             -1.31              -2.03             -3.36  0.00104715   8.72907    9    EOS  900000000.0
8    438725000.0      662209752.0  eos   1518367751   5780475279.0  1000000000.0  EOS             -1.31              -2.03             -3.36  0.00104715   8.72907    9    EOS  900000000.0
8    438725000.0      662209752.0  eos   1518367751   5780475279.0  1000000000.0  EOS             -1.31              -2.03             -3.36  0.00104715   8.72907    9    EOS  900000000.0
8    438725000.0      662209752.0  eos   1518367751   5780475279.0  1000000000.0  EOS             -1.31              -2.03             -3.36  0.00104715   8.72907    9    EOS  900000000.0
8    438725000.0      662209752.0  eos   1518367751   5780475279.0  1000000000.0  EOS             -1.31              -2.03             -3.36  0.00104715   8.72907    9    EOS  900000000.0
8    438725000.0      662209752.0  eos   1518367751   5780475279.0  1000000000.0  EOS             -1.31              -2.03             -3.36  0.00104715   8.72907    9    EOS  900000000.0
8    438725000.0      662209752.0  eos   1518367751   5780475279.0  1000000000.0  EOS             -1.31              -2.03             -3.36  0.00104715   8.72907    9    EOS  900000000.0
8    437104000.0      662216142.0  eos   1518368652   5803490094.0  1000000000.0  EOS             -1.65              -1.45             -2.82  0.00105688   8.76374    9    EOS  900000000.0
8    435098000.0      662216142.0  eos   1518369251   5798496984.0  1000000000.0  EOS             -1.78              -1.48             -2.79  0.00104983    8.7562    9    EOS  900000000.0
