   24h_volume_usd available_supply   id last_updated market_cap_usd   max_supply name percent_change_1h percent_change_24h percent_change_7d   price_btc price_usd rank symbol total_supply
53      4094700.0        9688815.0  gas   1518367451    389024317.0  100000000.0  Gas              0.25               1.01              -8.1  0.00481851   40.1519   54    GAS   15311576.0
53      4094700.0        9688815.0  gas   1518367451    389024317.0  100000000.0  Gas              0.25               1.01              -8.1  0.00481851   40.1519   54    GAS   15311576.0
53      4086950.0        9688815.0  gas   1518367753    386943160.0  100000000.0  Gas             -0.28               0.61             -8.55  0.00479093   39.9371   54    GAS   15311576.0
53      4086950.0        9688815.0  gas   1518367753    386943160.0  100000000.0  Gas             -0.28               0.61             -8.55  0.00479093   39.9371   54    GAS   15311576.0
53      4086950.0        9688815.0  gas   1518367753    386943160.0  100000000.0  Gas             -0.28               0.61             -8.55  0.00479093   39.9371   54    GAS   15311576.0
53      4086950.0        9688815.0  gas   1518367753    386943160.0  100000000.0  Gas             -0.28               0.61             -8.55  0.00479093   39.9371   54    GAS   15311576.0
53      4086950.0        9688815.0  gas   1518367753    386943160.0  100000000.0  Gas             -0.28               0.61             -8.55  0.00479093   39.9371   54    GAS   15311576.0
53      4086950.0        9688815.0  gas   1518367753    386943160.0  100000000.0  Gas             -0.28               0.61             -8.55  0.00479093   39.9371   54    GAS   15311576.0
53      4086950.0        9688815.0  gas   1518367753    386943160.0  100000000.0  Gas             -0.28               0.61             -8.55  0.00479093   39.9371   54    GAS   15311576.0
53      4097440.0        9688932.0  gas   1518368652    382960854.0  100000000.0  Gas             -1.66              -0.35             -9.34  0.00476666   39.5256   54    GAS   15311968.0
53      4138150.0        9688932.0  gas   1518369251    384569216.0  100000000.0  Gas             -1.62               0.09             -8.87  0.00475885   39.6916   54    GAS   15311968.0
