   24h_volume_usd available_supply        id last_updated market_cap_usd   max_supply      name percent_change_1h percent_change_24h percent_change_7d   price_btc price_usd rank symbol total_supply
69     18045200.0       60000000.0  gxshares   1518367451    289203600.0  100000000.0  GXShares             -0.95               5.78              5.69  0.00057844   4.82006   70    GXS  100000000.0
69     18045200.0       60000000.0  gxshares   1518367451    289203600.0  100000000.0  GXShares             -0.95               5.78              5.69  0.00057844   4.82006   70    GXS  100000000.0
69     18093600.0       60000000.0  gxshares   1518367751    290167800.0  100000000.0  GXShares             -0.79               6.17              6.06  0.00058015   4.83613   70    GXS  100000000.0
69     18093600.0       60000000.0  gxshares   1518367751    290167800.0  100000000.0  GXShares             -0.79               6.17              6.06  0.00058015   4.83613   70    GXS  100000000.0
69     18093600.0       60000000.0  gxshares   1518367751    290167800.0  100000000.0  GXShares             -0.79               6.17              6.06  0.00058015   4.83613   70    GXS  100000000.0
69     18093600.0       60000000.0  gxshares   1518367751    290167800.0  100000000.0  GXShares             -0.79               6.17              6.06  0.00058015   4.83613   70    GXS  100000000.0
69     18093600.0       60000000.0  gxshares   1518367751    290167800.0  100000000.0  GXShares             -0.79               6.17              6.06  0.00058015   4.83613   70    GXS  100000000.0
69     18093600.0       60000000.0  gxshares   1518367751    290167800.0  100000000.0  GXShares             -0.79               6.17              6.06  0.00058015   4.83613   70    GXS  100000000.0
69     18093600.0       60000000.0  gxshares   1518367751    290167800.0  100000000.0  GXShares             -0.79               6.17              6.06  0.00058015   4.83613   70    GXS  100000000.0
70     18029900.0       60000000.0  gxshares   1518368651    288152400.0  100000000.0  GXShares             -1.33               5.53              5.39  0.00057917   4.80254   71    GXS  100000000.0
70     18126400.0       60000000.0  gxshares   1518369251    289398600.0  100000000.0  GXShares             -0.39               6.03              5.88  0.00057829   4.82331   71    GXS  100000000.0
