   24h_volume_usd available_supply      id last_updated market_cap_usd  max_supply    name percent_change_1h percent_change_24h percent_change_7d   price_btc price_usd rank symbol total_supply
44     64537100.0       42611130.0  hshare   1518367453    508009887.0  84000000.0  Hshare             -0.59               1.41             10.79  0.00143073    11.922   45    HSR   42611130.0
44     64537100.0       42611130.0  hshare   1518367453    508009887.0  84000000.0  Hshare             -0.59               1.41             10.79  0.00143073    11.922   45    HSR   42611130.0
44     64670800.0       42611130.0  hshare   1518367753    509160388.0  84000000.0  Hshare             -0.29               1.72             11.11  0.00143343    11.949   45    HSR   42611130.0
44     64670800.0       42611130.0  hshare   1518367753    509160388.0  84000000.0  Hshare             -0.29               1.72             11.11  0.00143343    11.949   45    HSR   42611130.0
44     64670800.0       42611130.0  hshare   1518367753    509160388.0  84000000.0  Hshare             -0.29               1.72             11.11  0.00143343    11.949   45    HSR   42611130.0
44     64670800.0       42611130.0  hshare   1518367753    509160388.0  84000000.0  Hshare             -0.29               1.72             11.11  0.00143343    11.949   45    HSR   42611130.0
44     64670800.0       42611130.0  hshare   1518367753    509160388.0  84000000.0  Hshare             -0.29               1.72             11.11  0.00143343    11.949   45    HSR   42611130.0
44     64670800.0       42611130.0  hshare   1518367753    509160388.0  84000000.0  Hshare             -0.29               1.72             11.11  0.00143343    11.949   45    HSR   42611130.0
44     64670800.0       42611130.0  hshare   1518367753    509160388.0  84000000.0  Hshare             -0.29               1.72             11.11  0.00143343    11.949   45    HSR   42611130.0
44     64108300.0       42611184.0  hshare   1518368653    507017695.0  84000000.0  Hshare             -0.96               1.44             10.85  0.00143495   11.8987   45    HSR   42611184.0
44     64036100.0       42611184.0  hshare   1518369252    508159675.0  84000000.0  Hshare             -0.92               1.74             11.23  0.00142982   11.9255   45    HSR   42611184.0
