   24h_volume_usd available_supply     id last_updated market_cap_usd   max_supply   name percent_change_1h percent_change_24h percent_change_7d   price_btc price_usd rank symbol total_supply
96      8200170.0      761143950.0  ignis   1518367457    175132373.0  999449694.0  Ignis             -0.88              -2.85             -5.05  0.00002761  0.230091   97  IGNIS  999449694.0
96      8200170.0      761143950.0  ignis   1518367457    175132373.0  999449694.0  Ignis             -0.88              -2.85             -5.05  0.00002761  0.230091   97  IGNIS  999449694.0
96      8144100.0      761143950.0  ignis   1518367757    173725017.0  999449694.0  Ignis              -1.8              -3.59             -5.76  0.00002738  0.228242   97  IGNIS  999449694.0
96      8144100.0      761143950.0  ignis   1518367757    173725017.0  999449694.0  Ignis              -1.8              -3.59             -5.76  0.00002738  0.228242   97  IGNIS  999449694.0
96      8144100.0      761143950.0  ignis   1518367757    173725017.0  999449694.0  Ignis              -1.8              -3.59             -5.76  0.00002738  0.228242   97  IGNIS  999449694.0
96      8144100.0      761143950.0  ignis   1518367757    173725017.0  999449694.0  Ignis              -1.8              -3.59             -5.76  0.00002738  0.228242   97  IGNIS  999449694.0
96      8144100.0      761143950.0  ignis   1518367757    173725017.0  999449694.0  Ignis              -1.8              -3.59             -5.76  0.00002738  0.228242   97  IGNIS  999449694.0
96      8144100.0      761143950.0  ignis   1518367757    173725017.0  999449694.0  Ignis              -1.8              -3.59             -5.76  0.00002738  0.228242   97  IGNIS  999449694.0
96      8144100.0      761143950.0  ignis   1518367757    173725017.0  999449694.0  Ignis              -1.8              -3.59             -5.76  0.00002738  0.228242   97  IGNIS  999449694.0
96      8030060.0      761143950.0  ignis   1518368657    172791094.0  999449694.0  Ignis             -2.79              -3.97             -6.11  0.00002738  0.227015   97  IGNIS  999449694.0
96      8061020.0      761143950.0  ignis   1518369257    174838571.0  999449694.0  Ignis              -2.0               -2.7              -4.9  0.00002754  0.229705   97  IGNIS  999449694.0
