  24h_volume_usd available_supply    id last_updated market_cap_usd    max_supply  name percent_change_1h percent_change_24h percent_change_7d   price_btc price_usd rank symbol  total_supply
9     51313300.0     2779530283.0  iota   1518367450   4926717427.0  2779530283.0  IOTA             -1.17              -4.54             -1.77  0.00021271    1.7725   10  MIOTA  2779530283.0
9     51313300.0     2779530283.0  iota   1518367450   4926717427.0  2779530283.0  IOTA             -1.17              -4.54             -1.77  0.00021271    1.7725   10  MIOTA  2779530283.0
9     50392600.0     2779530283.0  iota   1518367751   4883773684.0  2779530283.0  IOTA             -2.01              -5.29             -2.56  0.00021078   1.75705   10  MIOTA  2779530283.0
9     50392600.0     2779530283.0  iota   1518367751   4883773684.0  2779530283.0  IOTA             -2.01              -5.29             -2.56  0.00021078   1.75705   10  MIOTA  2779530283.0
9     50392600.0     2779530283.0  iota   1518367751   4883773684.0  2779530283.0  IOTA             -2.01              -5.29             -2.56  0.00021078   1.75705   10  MIOTA  2779530283.0
9     50392600.0     2779530283.0  iota   1518367751   4883773684.0  2779530283.0  IOTA             -2.01              -5.29             -2.56  0.00021078   1.75705   10  MIOTA  2779530283.0
9     50392600.0     2779530283.0  iota   1518367751   4883773684.0  2779530283.0  IOTA             -2.01              -5.29             -2.56  0.00021078   1.75705   10  MIOTA  2779530283.0
9     50392600.0     2779530283.0  iota   1518367751   4883773684.0  2779530283.0  IOTA             -2.01              -5.29             -2.56  0.00021078   1.75705   10  MIOTA  2779530283.0
9     50392600.0     2779530283.0  iota   1518367751   4883773684.0  2779530283.0  IOTA             -2.01              -5.29             -2.56  0.00021078   1.75705   10  MIOTA  2779530283.0
9     50325300.0     2779530283.0  iota   1518368650   4885719355.0  2779530283.0  IOTA             -2.15              -5.15             -2.36  0.00021198   1.75775   10  MIOTA  2779530283.0
9     50580800.0     2779530283.0  iota   1518369250   4900478661.0  2779530283.0  IOTA             -1.98               -4.8             -1.94  0.00021138   1.76306   10  MIOTA  2779530283.0
