  24h_volume_usd available_supply        id last_updated market_cap_usd  max_supply      name percent_change_1h percent_change_24h percent_change_7d  price_btc price_usd rank symbol total_supply
5    552274000.0       55170633.0  litecoin   1518367441   8434872591.0  84000000.0  Litecoin             -0.81              -0.79              0.58  0.0183475   152.887    6    LTC   55170633.0
5    552274000.0       55170633.0  litecoin   1518367441   8434872591.0  84000000.0  Litecoin             -0.81              -0.79              0.58  0.0183475   152.887    6    LTC   55170633.0
5    548119000.0       55170633.0  litecoin   1518367740   8409714782.0  84000000.0  Litecoin             -1.12              -0.98              0.31  0.0182858   152.431    6    LTC   55170633.0
5    548119000.0       55170633.0  litecoin   1518367740   8409714782.0  84000000.0  Litecoin             -1.12              -0.98              0.31  0.0182858   152.431    6    LTC   55170633.0
5    548119000.0       55170633.0  litecoin   1518367740   8409714782.0  84000000.0  Litecoin             -1.12              -0.98              0.31  0.0182858   152.431    6    LTC   55170633.0
5    548119000.0       55170633.0  litecoin   1518367740   8409714782.0  84000000.0  Litecoin             -1.12              -0.98              0.31  0.0182858   152.431    6    LTC   55170633.0
5    548119000.0       55170633.0  litecoin   1518367740   8409714782.0  84000000.0  Litecoin             -1.12              -0.98              0.31  0.0182858   152.431    6    LTC   55170633.0
5    548119000.0       55170633.0  litecoin   1518367740   8409714782.0  84000000.0  Litecoin             -1.12              -0.98              0.31  0.0182858   152.431    6    LTC   55170633.0
5    548119000.0       55170633.0  litecoin   1518367740   8409714782.0  84000000.0  Litecoin             -1.12              -0.98              0.31  0.0182858   152.431    6    LTC   55170633.0
5    544834000.0       55170858.0  litecoin   1518368641   8432976010.0  84000000.0  Litecoin             -1.28              -0.49              0.64  0.0184335   152.852    6    LTC   55170858.0
5    541015000.0       55170858.0  litecoin   1518369241   8449582439.0  84000000.0  Litecoin             -1.16              -0.15               0.9  0.0183624   153.153    6    LTC   55170858.0
