   24h_volume_usd available_supply             id last_updated market_cap_usd   max_supply     name percent_change_1h percent_change_24h percent_change_7d   price_btc price_usd rank symbol total_supply
65      6371430.0       35500000.0  nebulas-token   1518367452    300101380.0  100000000.0  Nebulas             -0.27               0.35              2.46  0.00101449   8.45356   66    NAS  100000000.0
65      6371430.0       35500000.0  nebulas-token   1518367452    300101380.0  100000000.0  Nebulas             -0.27               0.35              2.46  0.00101449   8.45356   66    NAS  100000000.0
65      6370850.0       35500000.0  nebulas-token   1518367753    299901870.0  100000000.0  Nebulas             -0.49               0.46              2.43  0.00101343   8.44794   66    NAS  100000000.0
65      6370850.0       35500000.0  nebulas-token   1518367753    299901870.0  100000000.0  Nebulas             -0.49               0.46              2.43  0.00101343   8.44794   66    NAS  100000000.0
65      6370850.0       35500000.0  nebulas-token   1518367753    299901870.0  100000000.0  Nebulas             -0.49               0.46              2.43  0.00101343   8.44794   66    NAS  100000000.0
65      6370850.0       35500000.0  nebulas-token   1518367753    299901870.0  100000000.0  Nebulas             -0.49               0.46              2.43  0.00101343   8.44794   66    NAS  100000000.0
65      6370850.0       35500000.0  nebulas-token   1518367753    299901870.0  100000000.0  Nebulas             -0.49               0.46              2.43  0.00101343   8.44794   66    NAS  100000000.0
65      6370850.0       35500000.0  nebulas-token   1518367753    299901870.0  100000000.0  Nebulas             -0.49               0.46              2.43  0.00101343   8.44794   66    NAS  100000000.0
65      6370850.0       35500000.0  nebulas-token   1518367753    299901870.0  100000000.0  Nebulas             -0.49               0.46              2.43  0.00101343   8.44794   66    NAS  100000000.0
65      6360840.0       35500000.0  nebulas-token   1518368653    297984515.0  100000000.0  Nebulas             -1.55               0.07              1.92  0.00101228   8.39393   66    NAS  100000000.0
65      6424900.0       35500000.0  nebulas-token   1518369253    300049195.0  100000000.0  Nebulas              -1.2               0.88              2.71  0.00101337   8.45209   66    NAS  100000000.0
