   24h_volume_usd available_supply   id last_updated market_cap_usd    max_supply name percent_change_1h percent_change_24h percent_change_7d   price_btc price_usd rank symbol total_supply
90      5319450.0      998999942.0  nxt   1518367441    187859941.0  1000000000.0  Nxt             -0.39              -2.52              -9.1  0.00002257  0.188048   91    NXT  998999942.0
90      5319450.0      998999942.0  nxt   1518367441    187859941.0  1000000000.0  Nxt             -0.39              -2.52              -9.1  0.00002257  0.188048   91    NXT  998999942.0
89      5307880.0      998999942.0  nxt   1518367741    187653148.0  1000000000.0  Nxt             -0.54              -2.55             -9.15  0.00002253  0.187841   90    NXT  998999942.0
89      5307880.0      998999942.0  nxt   1518367741    187653148.0  1000000000.0  Nxt             -0.54              -2.55             -9.15  0.00002253  0.187841   90    NXT  998999942.0
89      5307880.0      998999942.0  nxt   1518367741    187653148.0  1000000000.0  Nxt             -0.54              -2.55             -9.15  0.00002253  0.187841   90    NXT  998999942.0
89      5307880.0      998999942.0  nxt   1518367741    187653148.0  1000000000.0  Nxt             -0.54              -2.55             -9.15  0.00002253  0.187841   90    NXT  998999942.0
89      5307880.0      998999942.0  nxt   1518367741    187653148.0  1000000000.0  Nxt             -0.54              -2.55             -9.15  0.00002253  0.187841   90    NXT  998999942.0
89      5307880.0      998999942.0  nxt   1518367741    187653148.0  1000000000.0  Nxt             -0.54              -2.55             -9.15  0.00002253  0.187841   90    NXT  998999942.0
89      5307880.0      998999942.0  nxt   1518367741    187653148.0  1000000000.0  Nxt             -0.54              -2.55             -9.15  0.00002253  0.187841   90    NXT  998999942.0
89      5233570.0      998999942.0  nxt   1518368641    186414388.0  1000000000.0  Nxt             -2.01              -3.08             -9.64  0.00002250  0.186601   90    NXT  998999942.0
89      5258610.0      998999942.0  nxt   1518369241    186633169.0  1000000000.0  Nxt             -2.12              -2.84             -9.42  0.00002240   0.18682   90    NXT  998999942.0
