   24h_volume_usd available_supply        id last_updated market_cap_usd  max_supply      name percent_change_1h percent_change_24h percent_change_7d   price_btc price_usd rank symbol total_supply
27     14933500.0       37004027.0  populous   1518367451    880570026.0  53252246.0  Populous             -1.41             -10.78             -52.1  0.00285576   23.7966   28    PPT   53252246.0
27     14933500.0       37004027.0  populous   1518367451    880570026.0  53252246.0  Populous             -1.41             -10.78             -52.1  0.00285576   23.7966   28    PPT   53252246.0
26     14944900.0       37004027.0  populous   1518367751    876484782.0  53252246.0  Populous             -2.02             -11.04            -52.27  0.00284144   23.6862   27    PPT   53252246.0
26     14944900.0       37004027.0  populous   1518367751    876484782.0  53252246.0  Populous             -2.02             -11.04            -52.27  0.00284144   23.6862   27    PPT   53252246.0
26     14944900.0       37004027.0  populous   1518367751    876484782.0  53252246.0  Populous             -2.02             -11.04            -52.27  0.00284144   23.6862   27    PPT   53252246.0
26     14944900.0       37004027.0  populous   1518367751    876484782.0  53252246.0  Populous             -2.02             -11.04            -52.27  0.00284144   23.6862   27    PPT   53252246.0
26     14944900.0       37004027.0  populous   1518367751    876484782.0  53252246.0  Populous             -2.02             -11.04            -52.27  0.00284144   23.6862   27    PPT   53252246.0
26     14944900.0       37004027.0  populous   1518367751    876484782.0  53252246.0  Populous             -2.02             -11.04            -52.27  0.00284144   23.6862   27    PPT   53252246.0
26     14944900.0       37004027.0  populous   1518367751    876484782.0  53252246.0  Populous             -2.02             -11.04            -52.27  0.00284144   23.6862   27    PPT   53252246.0
26     14747400.0       37004027.0  populous   1518368651    875345058.0  53252246.0  Populous             -2.82             -10.85            -52.17  0.00285276   23.6554   27    PPT   53252246.0
26     14866000.0       37004027.0  populous   1518369251    876588393.0  53252246.0  Populous             -2.91             -10.28             -52.0  0.0028402    23.689   27    PPT   53252246.0
