   24h_volume_usd available_supply         id last_updated market_cap_usd   max_supply  name percent_change_1h percent_change_24h percent_change_7d   price_btc price_usd rank symbol total_supply
23     32480400.0      133248289.0  raiblocks   1518367449   1194245787.0  133248290.0  Nano             -0.95              -2.08            -32.61  0.00107557   8.96256   24    XRB  133248289.0
23     32480400.0      133248289.0  raiblocks   1518367449   1194245787.0  133248290.0  Nano             -0.95              -2.08            -32.61  0.00107557   8.96256   24    XRB  133248289.0
23     31530800.0      133248289.0  raiblocks   1518367749   1195379730.0  133248290.0  Nano             -0.86              -1.62            -32.48  0.00107619   8.97107   24    XRB  133248289.0
23     31530800.0      133248289.0  raiblocks   1518367749   1195379730.0  133248290.0  Nano             -0.86              -1.62            -32.48  0.00107619   8.97107   24    XRB  133248289.0
23     31530800.0      133248289.0  raiblocks   1518367749   1195379730.0  133248290.0  Nano             -0.86              -1.62            -32.48  0.00107619   8.97107   24    XRB  133248289.0
23     31530800.0      133248289.0  raiblocks   1518367749   1195379730.0  133248290.0  Nano             -0.86              -1.62            -32.48  0.00107619   8.97107   24    XRB  133248289.0
23     31530800.0      133248289.0  raiblocks   1518367749   1195379730.0  133248290.0  Nano             -0.86              -1.62            -32.48  0.00107619   8.97107   24    XRB  133248289.0
23     31530800.0      133248289.0  raiblocks   1518367749   1195379730.0  133248290.0  Nano             -0.86              -1.62            -32.48  0.00107619   8.97107   24    XRB  133248289.0
23     31530800.0      133248289.0  raiblocks   1518367749   1195379730.0  133248290.0  Nano             -0.86              -1.62            -32.48  0.00107619   8.97107   24    XRB  133248289.0
23     30580900.0      133248289.0  raiblocks   1518368650   1187015735.0  133248290.0  Nano             -0.52               -1.3            -32.79  0.00107431    8.9083   24    XRB  133248289.0
23     33732100.0      133248289.0  raiblocks   1518369249   1194288426.0  133248290.0  Nano               0.1              -0.45            -32.26  0.00107461   8.96288   24    XRB  133248289.0
