   24h_volume_usd available_supply      id last_updated market_cap_usd    max_supply    name percent_change_1h percent_change_24h percent_change_7d   price_btc price_usd rank symbol total_supply
39       604080.0      344166289.0  rchain   1518367455    533801914.0  1000000000.0  RChain              3.47                7.8             -3.58  0.00018613     1.551   40   RHOC  870663574.0
39       604080.0      344166289.0  rchain   1518367455    533801914.0  1000000000.0  RChain              3.47                7.8             -3.58  0.00018613     1.551   40   RHOC  870663574.0
40       586536.0      344166289.0  rchain   1518367756    518741197.0  1000000000.0  RChain              0.47               4.87             -6.23  0.00018081   1.50724   41   RHOC  870663574.0
40       586536.0      344166289.0  rchain   1518367756    518741197.0  1000000000.0  RChain              0.47               4.87             -6.23  0.00018081   1.50724   41   RHOC  870663574.0
40       586536.0      344166289.0  rchain   1518367756    518741197.0  1000000000.0  RChain              0.47               4.87             -6.23  0.00018081   1.50724   41   RHOC  870663574.0
40       586536.0      344166289.0  rchain   1518367756    518741197.0  1000000000.0  RChain              0.47               4.87             -6.23  0.00018081   1.50724   41   RHOC  870663574.0
40       586536.0      344166289.0  rchain   1518367756    518741197.0  1000000000.0  RChain              0.47               4.87             -6.23  0.00018081   1.50724   41   RHOC  870663574.0
40       586536.0      344166289.0  rchain   1518367756    518741197.0  1000000000.0  RChain              0.47               4.87             -6.23  0.00018081   1.50724   41   RHOC  870663574.0
40       586536.0      344166289.0  rchain   1518367756    518741197.0  1000000000.0  RChain              0.47               4.87             -6.23  0.00018081   1.50724   41   RHOC  870663574.0
41       582358.0      344166289.0  rchain   1518368655    518703339.0  1000000000.0  RChain              0.01               5.13             -6.04  0.00018175   1.50713   42   RHOC  870663574.0
41       581326.0      344166289.0  rchain   1518369254    522647485.0  1000000000.0  RChain              0.02               6.08             -5.19  0.00018207   1.51859   42   RHOC  870663574.0
