   24h_volume_usd available_supply      id last_updated market_cap_usd   max_supply    name percent_change_1h percent_change_24h percent_change_7d   price_btc price_usd rank symbol total_supply
48     17623900.0      184450000.0  revain   1518367456    460350310.0  484450000.0  Revain             -0.62               2.72             37.99  0.00029951    2.4958   49      R  484450000.0
48     17623900.0      184450000.0  revain   1518367456    460350310.0  484450000.0  Revain             -0.62               2.72             37.99  0.00029951    2.4958   49      R  484450000.0
48     17660700.0      184450000.0  revain   1518367756    461305761.0  484450000.0  Revain             -0.41               3.17             38.39  0.00030002   2.50098   49      R  484450000.0
48     17660700.0      184450000.0  revain   1518367756    461305761.0  484450000.0  Revain             -0.41               3.17             38.39  0.00030002   2.50098   49      R  484450000.0
48     17660700.0      184450000.0  revain   1518367756    461305761.0  484450000.0  Revain             -0.41               3.17             38.39  0.00030002   2.50098   49      R  484450000.0
48     17660700.0      184450000.0  revain   1518367756    461305761.0  484450000.0  Revain             -0.41               3.17             38.39  0.00030002   2.50098   49      R  484450000.0
48     17660700.0      184450000.0  revain   1518367756    461305761.0  484450000.0  Revain             -0.41               3.17             38.39  0.00030002   2.50098   49      R  484450000.0
48     17660700.0      184450000.0  revain   1518367756    461305761.0  484450000.0  Revain             -0.41               3.17             38.39  0.00030002   2.50098   49      R  484450000.0
48     17660700.0      184450000.0  revain   1518367756    461305761.0  484450000.0  Revain             -0.41               3.17             38.39  0.00030002   2.50098   49      R  484450000.0
48     17369800.0      184450000.0  revain   1518368656    456690822.0  484450000.0  Revain             -1.38               2.66             37.27  0.00029859   2.47596   49      R  484450000.0
48     17527000.0      184450000.0  revain   1518369256    460280219.0  484450000.0  Revain             -0.57               3.89             38.51  0.00029919   2.49542   49      R  484450000.0
