  24h_volume_usd available_supply      id last_updated market_cap_usd    max_supply    name percent_change_1h percent_change_24h percent_change_7d   price_btc price_usd rank symbol   total_supply
2   2846550000.0    39009215838.0  ripple   1518367441  40296910053.0  100000000000  Ripple             -1.33              -2.25             21.25  0.00012397   1.03301    3    XRP  99992725510.0
2   2846550000.0    39009215838.0  ripple   1518367441  40296910053.0  100000000000  Ripple             -1.33              -2.25             21.25  0.00012397   1.03301    3    XRP  99992725510.0
2   2818850000.0    39009215838.0  ripple   1518367741  39996148999.0  100000000000  Ripple             -2.02              -2.86             20.41  0.000123    1.0253    3    XRP  99992725510.0
2   2818850000.0    39009215838.0  ripple   1518367741  39996148999.0  100000000000  Ripple             -2.02              -2.86             20.41  0.000123    1.0253    3    XRP  99992725510.0
2   2818850000.0    39009215838.0  ripple   1518367741  39996148999.0  100000000000  Ripple             -2.02              -2.86             20.41  0.000123    1.0253    3    XRP  99992725510.0
2   2818850000.0    39009215838.0  ripple   1518367741  39996148999.0  100000000000  Ripple             -2.02              -2.86             20.41  0.000123    1.0253    3    XRP  99992725510.0
2   2818850000.0    39009215838.0  ripple   1518367741  39996148999.0  100000000000  Ripple             -2.02              -2.86             20.41  0.000123    1.0253    3    XRP  99992725510.0
2   2818850000.0    39009215838.0  ripple   1518367741  39996148999.0  100000000000  Ripple             -2.02              -2.86             20.41  0.000123    1.0253    3    XRP  99992725510.0
2   2818850000.0    39009215838.0  ripple   1518367741  39996148999.0  100000000000  Ripple             -2.02              -2.86             20.41  0.000123    1.0253    3    XRP  99992725510.0
2   2818760000.0    39009215838.0  ripple   1518368641  40322266043.0  100000000000  Ripple             -1.71              -1.75             21.53  0.00012466   1.03366    3    XRP  99992725510.0
2   2793620000.0    39009215838.0  ripple   1518369241  40055833099.0  100000000000  Ripple             -2.41              -2.16             20.86  0.00012311   1.02683    3    XRP  99992725510.0
