   24h_volume_usd available_supply         id last_updated market_cap_usd    max_supply       name percent_change_1h percent_change_24h percent_change_7d   price_btc price_usd rank symbol  total_supply
82       247790.0      689323508.0  smartcash   1518367452    218237065.0  5000000000.0  SmartCash             -2.17              -4.92             -6.37  0.00003799  0.316596   83  SMART  1290367787.0
82       247790.0      689323508.0  smartcash   1518367452    218237065.0  5000000000.0  SmartCash             -2.17              -4.92             -6.37  0.00003799  0.316596   83  SMART  1290367787.0
82       248708.0      689323508.0  smartcash   1518367752    218938797.0  5000000000.0  SmartCash             -1.86              -4.57             -6.07  0.00003810  0.317614   83  SMART  1290367787.0
82       248708.0      689323508.0  smartcash   1518367752    218938797.0  5000000000.0  SmartCash             -1.86              -4.57             -6.07  0.00003810  0.317614   83  SMART  1290367787.0
82       248708.0      689323508.0  smartcash   1518367752    218938797.0  5000000000.0  SmartCash             -1.86              -4.57             -6.07  0.00003810  0.317614   83  SMART  1290367787.0
82       248708.0      689323508.0  smartcash   1518367752    218938797.0  5000000000.0  SmartCash             -1.86              -4.57             -6.07  0.00003810  0.317614   83  SMART  1290367787.0
82       248708.0      689323508.0  smartcash   1518367752    218938797.0  5000000000.0  SmartCash             -1.86              -4.57             -6.07  0.00003810  0.317614   83  SMART  1290367787.0
82       248708.0      689323508.0  smartcash   1518367752    218938797.0  5000000000.0  SmartCash             -1.86              -4.57             -6.07  0.00003810  0.317614   83  SMART  1290367787.0
82       248708.0      689323508.0  smartcash   1518367752    218938797.0  5000000000.0  SmartCash             -1.86              -4.57             -6.07  0.00003810  0.317614   83  SMART  1290367787.0
82       243527.0      689361962.0  smartcash   1518368652    217499214.0  5000000000.0  SmartCash              -2.3              -5.28             -6.76  0.00003805  0.315508   83  SMART  1290406241.0
82       244255.0      689361962.0  smartcash   1518369251    217794261.0  5000000000.0  SmartCash             -2.23              -5.17             -6.69  0.00003788  0.315936   83  SMART  1290406241.0
