   24h_volume_usd available_supply       id last_updated market_cap_usd   max_supply     name percent_change_1h percent_change_24h percent_change_7d   price_btc price_usd rank symbol total_supply
73      2235750.0      530879901.0  syscoin   1518367443    266550551.0  888000000.0  Syscoin              -1.5              -3.55              5.01  0.00006025  0.502092   74    SYS  530879901.0
73      2235750.0      530879901.0  syscoin   1518367443    266550551.0  888000000.0  Syscoin              -1.5              -3.55              5.01  0.00006025  0.502092   74    SYS  530879901.0
73      2263530.0      530879901.0  syscoin   1518367742    266416239.0  888000000.0  Syscoin             -1.55              -3.53              5.02  0.00006020  0.501839   74    SYS  530879901.0
73      2263530.0      530879901.0  syscoin   1518367742    266416239.0  888000000.0  Syscoin             -1.55              -3.53              5.02  0.00006020  0.501839   74    SYS  530879901.0
73      2263530.0      530879901.0  syscoin   1518367742    266416239.0  888000000.0  Syscoin             -1.55              -3.53              5.02  0.00006020  0.501839   74    SYS  530879901.0
73      2263530.0      530879901.0  syscoin   1518367742    266416239.0  888000000.0  Syscoin             -1.55              -3.53              5.02  0.00006020  0.501839   74    SYS  530879901.0
73      2263530.0      530879901.0  syscoin   1518367742    266416239.0  888000000.0  Syscoin             -1.55              -3.53              5.02  0.00006020  0.501839   74    SYS  530879901.0
73      2263530.0      530879901.0  syscoin   1518367742    266416239.0  888000000.0  Syscoin             -1.55              -3.53              5.02  0.00006020  0.501839   74    SYS  530879901.0
73      2263530.0      530879901.0  syscoin   1518367742    266416239.0  888000000.0  Syscoin             -1.55              -3.53              5.02  0.00006020  0.501839   74    SYS  530879901.0
73      2342100.0      530880267.0  syscoin   1518368643    264525427.0  888000000.0  Syscoin             -2.67              -4.19              4.43  0.00006009  0.498277   74    SYS  530880267.0
73      2352790.0      530880267.0  syscoin   1518369242    266588958.0  888000000.0  Syscoin             -2.28              -3.35              5.35  0.00006021  0.502164   74    SYS  530880267.0
