   24h_volume_usd available_supply     id last_updated market_cap_usd     max_supply   name percent_change_1h percent_change_24h percent_change_7d   price_btc  price_usd rank symbol   total_supply
29     17916700.0    14583235985.0  verge   1518367443    779421464.0  16555000000.0  Verge             -1.27              -4.11             -4.37  0.00000641  0.0534464   30    XVG  14583235985.0
29     17916700.0    14583235985.0  verge   1518367443    779421464.0  16555000000.0  Verge             -1.27              -4.11             -4.37  0.00000641  0.0534464   30    XVG  14583235985.0
29     17841700.0    14583235985.0  verge   1518367744    774919619.0  16555000000.0  Verge             -1.75              -4.57             -4.86  0.00000637  0.0531377   30    XVG  14583235985.0
29     17841700.0    14583235985.0  verge   1518367744    774919619.0  16555000000.0  Verge             -1.75              -4.57             -4.86  0.00000637  0.0531377   30    XVG  14583235985.0
29     17841700.0    14583235985.0  verge   1518367744    774919619.0  16555000000.0  Verge             -1.75              -4.57             -4.86  0.00000637  0.0531377   30    XVG  14583235985.0
29     17841700.0    14583235985.0  verge   1518367744    774919619.0  16555000000.0  Verge             -1.75              -4.57             -4.86  0.00000637  0.0531377   30    XVG  14583235985.0
29     17841700.0    14583235985.0  verge   1518367744    774919619.0  16555000000.0  Verge             -1.75              -4.57             -4.86  0.00000637  0.0531377   30    XVG  14583235985.0
29     17841700.0    14583235985.0  verge   1518367744    774919619.0  16555000000.0  Verge             -1.75              -4.57             -4.86  0.00000637  0.0531377   30    XVG  14583235985.0
29     17841700.0    14583235985.0  verge   1518367744    774919619.0  16555000000.0  Verge             -1.75              -4.57             -4.86  0.00000637  0.0531377   30    XVG  14583235985.0
29     17447000.0    14583322408.0  verge   1518368643    771510255.0  16555000000.0  Verge              -2.5               -4.9             -5.13  0.00000638  0.0529036   30    XVG  14583322408.0
28     17498900.0    14583322408.0  verge   1518369243    783122955.0  16555000000.0  Verge              -1.3              -3.39              -3.6  0.00000644  0.0536999   29    XVG  14583322408.0
