   24h_volume_usd available_supply      id last_updated market_cap_usd   max_supply    name percent_change_1h percent_change_24h percent_change_7d   price_btc price_usd rank symbol total_supply
40      7535740.0       24898178.0  walton   1518367453    532171167.0  100000000.0  Walton             -0.94              -3.81            -12.59  0.00256502   21.3739   41    WTC   70000000.0
40      7535740.0       24898178.0  walton   1518367453    532171167.0  100000000.0  Walton             -0.94              -3.81            -12.59  0.00256502   21.3739   41    WTC   70000000.0
39      7503630.0       24898178.0  walton   1518367754    532579497.0  100000000.0  Walton             -0.78              -3.59            -12.47  0.00256602   21.3903   40    WTC   70000000.0
39      7503630.0       24898178.0  walton   1518367754    532579497.0  100000000.0  Walton             -0.78              -3.59            -12.47  0.00256602   21.3903   40    WTC   70000000.0
39      7503630.0       24898178.0  walton   1518367754    532579497.0  100000000.0  Walton             -0.78              -3.59            -12.47  0.00256602   21.3903   40    WTC   70000000.0
39      7503630.0       24898178.0  walton   1518367754    532579497.0  100000000.0  Walton             -0.78              -3.59            -12.47  0.00256602   21.3903   40    WTC   70000000.0
39      7503630.0       24898178.0  walton   1518367754    532579497.0  100000000.0  Walton             -0.78              -3.59            -12.47  0.00256602   21.3903   40    WTC   70000000.0
39      7503630.0       24898178.0  walton   1518367754    532579497.0  100000000.0  Walton             -0.78              -3.59            -12.47  0.00256602   21.3903   40    WTC   70000000.0
39      7503630.0       24898178.0  walton   1518367754    532579497.0  100000000.0  Walton             -0.78              -3.59            -12.47  0.00256602   21.3903   40    WTC   70000000.0
39      7348300.0       24898178.0  walton   1518368654    530044862.0  100000000.0  Walton             -1.77               -3.7            -12.75  0.00256732   21.2885   40    WTC   70000000.0
40      7333860.0       24898178.0  walton   1518369253    533869222.0  100000000.0  Walton             -1.25              -2.87            -12.02  0.00257081   21.4421   41    WTC   70000000.0
