   24h_volume_usd available_supply        id last_updated market_cap_usd  max_supply      name percent_change_1h percent_change_24h percent_change_7d  price_btc price_usd rank symbol total_supply
61      4668340.0        3291113.0  zclassic   1518367448    320471421.0  21000000.0  ZClassic             -0.87              -1.58             -0.27  0.0116857   97.3748   62    ZCL    3291113.0
61      4668340.0        3291113.0  zclassic   1518367448    320471421.0  21000000.0  ZClassic             -0.87              -1.58             -0.27  0.0116857   97.3748   62    ZCL    3291113.0
61      4666670.0        3291113.0  zclassic   1518367748    319842161.0  21000000.0  ZClassic             -1.09              -1.64             -0.42  0.0116583   97.1836   62    ZCL    3291113.0
61      4666670.0        3291113.0  zclassic   1518367748    319842161.0  21000000.0  ZClassic             -1.09              -1.64             -0.42  0.0116583   97.1836   62    ZCL    3291113.0
61      4666670.0        3291113.0  zclassic   1518367748    319842161.0  21000000.0  ZClassic             -1.09              -1.64             -0.42  0.0116583   97.1836   62    ZCL    3291113.0
61      4666670.0        3291113.0  zclassic   1518367748    319842161.0  21000000.0  ZClassic             -1.09              -1.64             -0.42  0.0116583   97.1836   62    ZCL    3291113.0
61      4666670.0        3291113.0  zclassic   1518367748    319842161.0  21000000.0  ZClassic             -1.09              -1.64             -0.42  0.0116583   97.1836   62    ZCL    3291113.0
61      4666670.0        3291113.0  zclassic   1518367748    319842161.0  21000000.0  ZClassic             -1.09              -1.64             -0.42  0.0116583   97.1836   62    ZCL    3291113.0
61      4666670.0        3291113.0  zclassic   1518367748    319842161.0  21000000.0  ZClassic             -1.09              -1.64             -0.42  0.0116583   97.1836   62    ZCL    3291113.0
61      4575380.0        3291263.0  zclassic   1518368648    321266057.0  21000000.0  ZClassic              -0.9              -1.03              0.14  0.0117717   97.6118   62    ZCL    3291263.0
61      4570850.0        3291263.0  zclassic   1518369248    322923866.0  21000000.0  ZClassic             -0.75              -0.38              0.74  0.0117636   98.1155   62    ZCL    3291263.0
